#633-NPs water	
# Wavelength (nm)	%R
2500	43.40782166
2499	42.93626404
2498	43.81281281
2497	42.80770874
2496	43.19471741
2495	43.45468903
2494	43.17881775
2493	43.07309341
2492	42.75613022
2491	43.39524078
2490	42.67294693
2489	43.31541443
2488	43.78447342
2487	44.02862167
2486	43.82490921
2485	43.01127243
2484	43.12775421
2483	43.7277298
2482	43.75892639
2481	43.11037827
2480	44.19723511
2479	43.33882904
2478	43.92744827
2477	42.80948639
2476	43.33358002
2475	43.32249451
2474	43.67895889
2473	43.36091232
2472	43.82473373
2471	42.96528625
2470	43.49563599
2469	42.9992218
2468	43.00019836
2467	43.510746
2466	43.16281509
2465	43.62690353
2464	43.52783966
2463	43.44475174
2462	42.96921539
2461	43.47356415
2460	43.08234024
2459	43.58830261
2458	43.67873764
2457	43.48306656
2456	43.17052841
2455	43.23741913
2454	43.55401611
2453	43.54252243
2452	43.98571396
2451	43.37194443
2450	43.82810593
2449	43.70574188
2448	43.74953461
2447	43.85128021
2446	43.57627106
2445	43.51600266
2444	43.60839462
2443	43.80307388
2442	43.89177704
2441	43.8652916
2440	43.55437088
2439	43.95117188
2438	44.11883545
2437	43.79497528
2436	44.11843872
2435	43.88309097
2434	43.41628265
2433	43.98917007
2432	43.95540237
2431	43.80776596
2430	43.72406769
2429	44.03532791
2428	43.82364655
2427	43.942379
2426	43.97664261
2425	43.45573425
2424	44.35089111
2423	43.46754456
2422	43.65132904
2421	43.83862305
2420	44.1161499
2419	43.85119247
2418	43.78817749
2417	43.97486877
2416	43.71981812
2415	44.27339554
2414	44.11223984
2413	44.01618958
2412	44.18540192
2411	43.79339218
2410	44.27453232
2409	43.91178131
2408	44.11716843
2407	43.76461411
2406	44.08822632
2405	43.75248718
2404	43.99783325
2403	43.82492447
2402	43.66568756
2401	43.99300385
2400	43.97544861
2399	43.63379669
2398	43.98905182
2397	43.8688736
2396	43.83099747
2395	43.90852356
2394	43.64808655
2393	43.98968506
2392	43.84890366
2391	43.93241882
2390	43.7518692
2389	43.66761017
2388	43.74479294
2387	43.90262222
2386	43.74678802
2385	44.06269455
2384	43.92674637
2383	43.56561279
2382	43.8676796
2381	43.96881866
2380	43.71545792
2379	43.68170929
2378	44.16143036
2377	43.94968033
2376	43.74917984
2375	43.66411591
2374	43.75592041
2373	43.75938416
2372	43.85467148
2371	43.71714783
2370	43.56468201
2369	43.71544647
2368	43.83380508
2367	43.69352341
2366	43.59924698
2365	43.82217407
2364	43.68429184
2363	43.80044556
2362	43.58005905
2361	43.72274017
2360	43.7752037
2359	43.81362534
2358	43.79593277
2357	43.59941101
2356	43.92429733
2355	43.99417114
2354	43.5821228
2353	43.89613724
2352	44.27113724
2351	43.77602768
2350	43.5706749
2349	43.84467316
2348	43.67990494
2347	43.82869339
2346	44.05483627
2345	43.97726822
2344	43.85541534
2343	43.63583755
2342	44.05823517
2341	43.7044487
2340	43.54197693
2339	43.61249924
2338	43.51428604
2337	43.58542633
2336	43.9024086
2335	43.90395737
2334	43.77084351
2333	43.63857651
2332	43.60201645
2331	43.94878769
2330	43.50658798
2329	43.43623734
2328	43.72330093
2327	43.65946579
2326	43.66354752
2325	43.73833084
2324	43.85366821
2323	43.58187103
2322	43.92428589
2321	43.62656403
2320	43.39532089
2319	43.47521973
2318	43.56774139
2317	43.92499542
2316	43.79749298
2315	43.84364319
2314	43.76483536
2313	43.79058838
2312	43.56226349
2311	43.93190002
2310	43.73271942
2309	43.68729401
2308	43.63623047
2307	43.66202545
2306	43.62960052
2305	43.81075668
2304	43.62675095
2303	43.58388901
2302	43.88047409
2301	43.3704834
2300	43.8360405
2299	43.50166702
2298	43.54731369
2297	43.39666367
2296	43.20423126
2295	43.63557053
2294	43.5384407
2293	43.81970596
2292	43.68814087
2291	43.77907181
2290	43.68294525
2289	43.39290237
2288	43.55292892
2287	43.66942596
2286	43.39356995
2285	43.50151825
2284	43.41264725
2283	43.67639542
2282	43.58198166
2281	43.97842407
2280	43.40844727
2279	43.67145538
2278	43.62027359
2277	43.78549957
2276	43.47226334
2275	43.53290176
2274	43.57650375
2273	43.25837326
2272	43.435009
2271	43.00362396
2270	43.13059616
2269	43.24501419
2268	43.81381989
2267	43.38364792
2266	43.81367111
2265	43.99963379
2264	44.16125488
2263	43.56446075
2262	44.54543686
2261	43.5997963
2260	43.49968719
2259	43.86920929
2258	43.58428955
2257	44.17581558
2256	44.21952438
2255	43.85501862
2254	43.76857758
2253	44.35583878
2252	43.50694275
2251	44.51083755
2250	43.99696732
2249	43.78093338
2248	43.89828491
2247	44.04654312
2246	43.73040009
2245	44.26350021
2244	44.68733215
2243	44.03343582
2242	44.25708771
2241	44.4716568
2240	43.79415512
2239	44.32843781
2238	44.42407608
2237	44.07053757
2236	44.45592499
2235	44.41650391
2234	44.23195648
2233	44.90599823
2232	44.45536423
2231	44.43786621
2230	45.00035858
2229	45.01376724
2228	44.43734741
2227	44.72465897
2226	44.6735878
2225	44.5635643
2224	45.28324127
2223	44.79320526
2222	44.97471237
2221	45.50938797
2220	44.96099091
2219	45.1030426
2218	44.76913834
2217	44.94500351
2216	45.02339935
2215	44.89346313
2214	45.34689713
2213	45.08166504
2212	45.23752594
2211	45.27841949
2210	45.04207611
2209	44.93764877
2208	45.27515411
2207	45.20335388
2206	45.20950699
2205	45.12355423
2204	45.19228363
2203	44.86499405
2202	44.83633804
2201	44.81476974
2200	45.10499573
2199	45.02201462
2198	44.88843536
2197	44.94150543
2196	44.45349503
2195	44.73624039
2194	44.4849968
2193	44.85120392
2192	44.20874405
2191	44.09850693
2190	44.03839111
2189	44.4345665
2188	44.25941849
2187	44.35587311
2186	44.32162857
2185	44.32118607
2184	44.11238098
2183	44.14873123
2182	43.97679901
2181	44.41479111
2180	44.2997818
2179	44.36896133
2178	44.51536942
2177	44.49233246
2176	44.37065887
2175	44.25935745
2174	44.32369995
2173	44.34310913
2172	44.26390457
2171	44.03300095
2170	44.1746521
2169	44.28801346
2168	44.36606216
2167	43.9500351
2166	44.28139114
2165	44.49847794
2164	44.33496094
2163	44.10922241
2162	43.98150635
2161	44.54867935
2160	44.14219666
2159	44.77388763
2158	44.00385666
2157	44.15368271
2156	44.18125534
2155	44.10090256
2154	44.07318878
2153	44.24369431
2152	44.16738892
2151	43.93806458
2150	43.69063568
2149	44.3828125
2148	44.19252396
2147	44.15024948
2146	44.3147583
2145	44.29092789
2144	44.14863205
2143	44.05993271
2142	44.03745651
2141	43.89492798
2140	44.05867386
2139	44.17403793
2138	44.06409073
2137	44.29531097
2136	44.12776947
2135	43.92941284
2134	43.82542801
2133	43.84185028
2132	43.71258926
2131	44.09719849
2130	43.93000412
2129	43.69524002
2128	43.70869064
2127	44.02838135
2126	43.92931747
2125	43.78777695
2124	43.72980881
2123	43.33246231
2122	43.45729065
2121	43.88389206
2120	43.75566101
2119	43.69180298
2118	43.37735367
2117	43.57343674
2116	43.68334579
2115	43.59986496
2114	43.36338806
2113	43.25221634
2112	43.56721878
2111	43.18885422
2110	43.17060471
2109	43.39987183
2108	43.02348328
2107	43.12312698
2106	43.15104675
2105	43.06303406
2104	43.04089355
2103	43.25845718
2102	43.17987061
2101	43.04905701
2100	42.65610886
2099	43.17893982
2098	43.00082397
2097	42.85533142
2096	42.97786331
2095	42.73653412
2094	42.74091339
2093	42.87184525
2092	42.64169312
2091	42.79885101
2090	42.68653107
2089	42.90224457
2088	42.5716629
2087	42.51829529
2086	42.88886642
2085	42.55022049
2084	42.21437454
2083	42.57209778
2082	42.75606918
2081	42.40938568
2080	42.92946625
2079	42.34714127
2078	42.45788956
2077	42.47930527
2076	42.69080734
2075	42.42494965
2074	42.5046196
2073	42.3398056
2072	42.48649979
2071	42.5218811
2070	42.24322128
2069	42.00262833
2068	42.25222778
2067	42.3214798
2066	41.86984253
2065	42.23799896
2064	42.26657486
2063	42.04626465
2062	42.18143845
2061	42.102005
2060	41.99892426
2059	41.92379379
2058	41.97491455
2057	42.00171661
2056	41.87911606
2055	42.03050232
2054	41.89428329
2053	41.73443222
2052	41.63104248
2051	41.73508835
2050	41.86416626
2049	41.69874954
2048	41.84151077
2047	41.7455864
2046	41.73615265
2045	41.42129517
2044	41.50139618
2043	41.56026077
2042	41.55458069
2041	41.51831818
2040	41.64874649
2039	41.41458893
2038	41.42311859
2037	41.42373657
2036	41.38116455
2035	41.28440094
2034	41.45836639
2033	41.45195007
2032	41.32245255
2031	41.32061386
2030	41.07016754
2029	41.21482086
2028	41.12433624
2027	41.13048172
2026	41.17965317
2025	41.10109329
2024	41.08581924
2023	41.14868546
2022	41.09129333
2021	40.93180466
2020	40.89184952
2019	40.88386154
2018	40.81545258
2017	40.83333969
2016	40.75799942
2015	40.79766083
2014	40.85147476
2013	40.64915085
2012	40.62901688
2011	40.67326736
2010	40.43928146
2009	40.85566711
2008	40.39959717
2007	40.76100922
2006	40.72293854
2005	40.51025772
2004	40.42766953
2003	40.50542068
2002	40.5537796
2001	40.40465164
2000	40.55635452
1999	40.42939758
1998	40.40335846
1997	40.4365387
1996	40.36613083
1995	40.47959137
1994	40.2728157
1993	40.18854141
1992	40.30104446
1991	40.22188187
1990	40.28186798
1989	40.08864212
1988	40.2203331
1987	40.07886887
1986	40.15758514
1985	39.97480392
1984	40.10040283
1983	39.96841049
1982	40.04494858
1981	40.09630203
1980	39.98226929
1979	39.8164978
1978	40.06252289
1977	39.80039215
1976	39.87420654
1975	39.83436203
1974	39.92198563
1973	39.92598343
1972	39.85269547
1971	39.73161316
1970	39.91478729
1969	39.73779678
1968	39.76665497
1967	39.69789124
1966	39.75234604
1965	39.57815933
1964	39.54621887
1963	39.668293
1962	39.56201172
1961	39.56665039
1960	39.54375458
1959	39.42342377
1958	39.59988785
1957	39.5243454
1956	39.47656631
1955	39.61828995
1954	39.50725174
1953	39.49084091
1952	39.47806549
1951	39.46734238
1950	39.53720474
1949	39.58114624
1948	39.4023819
1947	39.42672729
1946	39.30950165
1945	39.38467026
1944	39.39412689
1943	39.35664368
1942	39.46712875
1941	39.49769592
1940	39.35303497
1939	39.33404541
1938	39.38817978
1937	39.34733582
1936	39.42446136
1935	39.31830978
1934	39.41114044
1933	39.44651031
1932	39.36864471
1931	39.16806412
1930	39.2872963
1929	39.39101028
1928	39.38697433
1927	39.36566925
1926	39.45500183
1925	39.44077301
1924	39.37445068
1923	39.28613281
1922	39.37339401
1921	39.29866409
1920	39.46215057
1919	39.30984116
1918	39.31207657
1917	39.31069946
1916	39.53594208
1915	39.43411636
1914	39.5985527
1913	39.56587982
1912	39.57866287
1911	39.58543396
1910	39.69977951
1909	39.74585342
1908	39.7059021
1907	39.72561646
1906	39.69189072
1905	39.67020416
1904	39.83882523
1903	39.67369461
1902	39.71388626
1901	39.78009033
1900	39.94633102
1899	39.93361282
1898	40.05126953
1897	40.01333618
1896	39.96335602
1895	39.8564415
1894	39.82222366
1893	40.05475235
1892	40.10256577
1891	40.13364792
1890	40.10914993
1889	40.11699295
1888	40.11162949
1887	40.11687088
1886	40.14476395
1885	40.15235519
1884	40.27349472
1883	40.146492
1882	40.02211761
1881	40.2544899
1880	40.37555313
1879	40.28881073
1878	40.35480499
1877	40.26129913
1876	40.43203354
1875	40.3925972
1874	40.3978653
1873	40.23863602
1872	40.46378326
1871	40.48628998
1870	40.21554565
1869	40.46194077
1868	40.4750061
1867	40.3203392
1866	40.40581894
1865	40.46020508
1864	40.3094101
1863	40.40765381
1862	40.48930359
1861	40.53928375
1860	40.49316788
1859	40.314991
1858	40.44134521
1857	40.51323318
1856	40.54349518
1855	40.29558945
1854	40.29294968
1853	40.33823395
1852	40.4680748
1851	40.33039093
1850	40.35690308
1849	40.38961411
1848	40.33486176
1847	40.63385391
1846	40.3869133
1845	40.49964142
1844	40.44354248
1843	40.25024033
1842	40.31992722
1841	40.38237381
1840	40.25167847
1839	40.28593826
1838	40.19373703
1837	40.33939362
1836	40.39131927
1835	40.23144913
1834	40.15265274
1833	40.3680191
1832	40.28665543
1831	40.20254135
1830	40.26448059
1829	40.25409698
1828	40.20856094
1827	40.23435593
1826	40.12698364
1825	40.23376846
1824	40.11582184
1823	40.23074341
1822	40.15799332
1821	40.19993591
1820	40.10023499
1819	40.13092804
1818	40.03363037
1817	40.17787933
1816	40.10616684
1815	40.06586838
1814	40.22697449
1813	40.21117783
1812	40.13803482
1811	40.10258484
1810	39.98443604
1809	40.0014267
1808	40.08039856
1807	40.01359177
1806	40.0093956
1805	40.03763962
1804	40.03083801
1803	39.89482117
1802	39.99883652
1801	39.96839142
1800	39.97569275
1799	39.90588379
1798	39.87217712
1797	40.01955414
1796	39.89004135
1795	39.89876556
1794	39.87995148
1793	39.85194778
1792	39.81058121
1791	39.89664841
1790	39.8991394
1789	39.90078735
1788	39.88222504
1787	39.82242966
1786	39.81556702
1785	39.85552979
1784	39.77719116
1783	39.65714264
1782	39.82065964
1781	39.81860733
1780	39.71937561
1779	39.71548462
1778	39.74129486
1777	39.73313904
1776	39.69164658
1775	39.6755867
1774	39.71258926
1773	39.68386459
1772	39.67414093
1771	39.66254425
1770	39.74264908
1769	39.67304993
1768	39.65513229
1767	39.60509109
1766	39.67889404
1765	39.6460228
1764	39.57898712
1763	39.54793549
1762	39.50401688
1761	39.51247787
1760	39.57384109
1759	39.56362152
1758	39.5533905
1757	39.56158829
1756	39.54258728
1755	39.53988647
1754	39.47266388
1753	39.42978668
1752	39.43519211
1751	39.39943695
1750	39.44504547
1749	39.47507095
1748	39.3832283
1747	39.36819839
1746	39.32758713
1745	39.43078995
1744	39.38113022
1743	39.37547302
1742	39.38913727
1741	39.26553345
1740	39.32627869
1739	39.23860931
1738	39.26445007
1737	39.31361771
1736	39.25041962
1735	39.19237137
1734	39.2534523
1733	39.23923492
1732	39.2096405
1731	39.22774124
1730	39.16242599
1729	39.22665024
1728	39.17900467
1727	39.1527977
1726	39.16510391
1725	39.1657753
1724	39.04054642
1723	39.15294647
1722	39.14869308
1721	39.0391922
1720	39.03332901
1719	39.08328247
1718	39.07674789
1717	39.04796982
1716	38.98626709
1715	38.99483871
1714	38.929245
1713	38.93312073
1712	38.98543549
1711	38.952034
1710	38.87930679
1709	38.85521317
1708	38.87390137
1707	38.84655762
1706	38.82164001
1705	38.82556534
1704	38.7308197
1703	38.72842026
1702	38.77060318
1701	38.78218842
1700	38.72326279
1699	38.76673889
1698	38.7118454
1697	38.67252731
1696	38.66376114
1695	38.64774704
1694	38.64757156
1693	38.62140656
1692	38.57775116
1691	38.55823135
1690	38.53086472
1689	38.53791809
1688	38.50650024
1687	38.44907761
1686	38.5089035
1685	38.42887497
1684	38.46809769
1683	38.43633652
1682	38.3956604
1681	38.35490036
1680	38.37120438
1679	38.34516525
1678	38.30886078
1677	38.29457474
1676	38.27255249
1675	38.20052719
1674	38.18699265
1673	38.19389725
1672	38.223423
1671	38.18964386
1670	38.17405319
1669	38.07478333
1668	38.09598541
1667	38.07881927
1666	38.09403992
1665	37.9835701
1664	38.00406647
1663	38.00255966
1662	37.91306305
1661	37.95087814
1660	37.9692955
1659	37.92830658
1658	37.8418541
1657	37.86758041
1656	37.80565643
1655	37.78936386
1654	37.76134872
1653	37.73124313
1652	37.71407318
1651	37.74604034
1650	37.64526749
1649	37.6384964
1648	37.58939743
1647	37.57301712
1646	37.62459564
1645	37.54124451
1644	37.5321846
1643	37.45894623
1642	37.43598557
1641	37.42926025
1640	37.38859177
1639	37.35671234
1638	37.31149292
1637	37.31070328
1636	37.26855087
1635	37.32640839
1634	37.21315384
1633	37.17576599
1632	37.16284561
1631	37.15439606
1630	37.11216736
1629	37.07317352
1628	37.08312988
1627	37.07069778
1626	36.99700928
1625	36.99026108
1624	36.94228745
1623	36.88778687
1622	36.88424683
1621	36.83256149
1620	36.79618454
1619	36.8309021
1618	36.80867767
1617	36.73413086
1616	36.73421097
1615	36.72159958
1614	36.63141251
1613	36.63578033
1612	36.56324005
1611	36.55901718
1610	36.50696182
1609	36.56749725
1608	36.48513412
1607	36.42656326
1606	36.43186569
1605	36.41917038
1604	36.37551498
1603	36.3696022
1602	36.32281876
1601	36.27349091
1600	36.23799515
1599	36.22467422
1598	36.20458221
1597	36.12036133
1596	36.11268616
1595	36.08470917
1594	36.09498596
1593	36.0199585
1592	35.99964523
1591	35.98233032
1590	35.94483185
1589	35.90159988
1588	35.88694382
1587	35.87718201
1586	35.79024506
1585	35.83498764
1584	35.76145172
1583	35.72835159
1582	35.69485092
1581	35.66925049
1580	35.61332703
1579	35.59656906
1578	35.58724213
1577	35.59785843
1576	35.52788162
1575	35.49210358
1574	35.51509476
1573	35.39506149
1572	35.40209961
1571	35.36103821
1570	35.35704803
1569	35.32424927
1568	35.26399612
1567	35.22215271
1566	35.22941208
1565	35.20243454
1564	35.17211533
1563	35.16711426
1562	35.12406158
1561	35.09964371
1560	35.02159119
1559	35.03291321
1558	35.01268387
1557	34.97972488
1556	34.95220566
1555	34.89427567
1554	34.89853287
1553	34.89464569
1552	34.82439041
1551	34.81163406
1550	34.75665283
1549	34.7400589
1548	34.70304489
1547	34.68950272
1546	34.71819305
1545	34.62888336
1544	34.59735489
1543	34.59860229
1542	34.58195877
1541	34.54030228
1540	34.47784805
1539	34.48145294
1538	34.46011353
1537	34.43828583
1536	34.43372726
1535	34.39210892
1534	34.3459053
1533	34.32221222
1532	34.33503342
1531	34.29523849
1530	34.24469376
1529	34.2207222
1528	34.19327927
1527	34.20656204
1526	34.18698883
1525	34.12404251
1524	34.09205246
1523	34.11436462
1522	34.04323959
1521	34.0113945
1520	34.00986862
1519	33.98949051
1518	33.99972153
1517	33.91641235
1516	33.92613983
1515	33.90921783
1514	33.89571381
1513	33.8583374
1512	33.82743073
1511	33.77735138
1510	33.80158615
1509	33.80081177
1508	33.73345184
1507	33.68528366
1506	33.70224762
1505	33.66851044
1504	33.63666153
1503	33.59858322
1502	33.60608673
1501	33.59499359
1500	33.56144333
1499	33.58057404
1498	33.52817535
1497	33.46818542
1496	33.49086761
1495	33.46288681
1494	33.4530983
1493	33.4135437
1492	33.41533661
1491	33.34337616
1490	33.36240005
1489	33.33315277
1488	33.31519699
1487	33.25588989
1486	33.26131439
1485	33.24232864
1484	33.23456573
1483	33.18256378
1482	33.19003296
1481	33.12889862
1480	33.16661453
1479	33.13029861
1478	33.0755806
1477	33.03953934
1476	33.06706238
1475	33.02677155
1474	33.01440048
1473	32.99863815
1472	33.02574921
1471	32.97665787
1470	32.94297409
1469	32.92504883
1468	32.90581512
1467	32.86545944
1466	32.8431282
1465	32.85505295
1464	32.82065201
1463	32.79084396
1462	32.76108932
1461	32.79671097
1460	32.7382164
1459	32.741745
1458	32.67359543
1457	32.69315338
1456	32.69772339
1455	32.63648605
1454	32.64590073
1453	32.60975647
1452	32.58158112
1451	32.60283661
1450	32.55106735
1449	32.55392838
1448	32.51911926
1447	32.51881409
1446	32.50743866
1445	32.45562744
1444	32.45833969
1443	32.44347382
1442	32.4579277
1441	32.43183899
1440	32.3863945
1439	32.40900803
1438	32.37829208
1437	32.32538605
1436	32.33524704
1435	32.32701111
1434	32.30587387
1433	32.29114151
1432	32.27846146
1431	32.27622986
1430	32.25335312
1429	32.26659775
1428	32.21269608
1427	32.21959305
1426	32.2187233
1425	32.16001511
1424	32.20787811
1423	32.14968109
1422	32.14941788
1421	32.17100906
1420	32.15823364
1419	32.1364975
1418	32.16892624
1417	32.09944534
1416	32.16625595
1415	32.15979767
1414	32.13644409
1413	32.12384415
1412	32.14899445
1411	32.13725662
1410	32.16524506
1409	32.16140747
1408	32.19797897
1407	32.15062714
1406	32.22044754
1405	32.21175385
1404	32.2167511
1403	32.21700287
1402	32.23096848
1401	32.27497864
1400	32.2292366
1399	32.2958107
1398	32.2420311
1397	32.27761841
1396	32.32704163
1395	32.30636978
1394	32.34144592
1393	32.31148148
1392	32.34562302
1391	32.38876724
1390	32.3599968
1389	32.37292862
1388	32.41232681
1387	32.40200043
1386	32.46342468
1385	32.44866562
1384	32.44858551
1383	32.39677429
1382	32.40900803
1381	32.41821671
1380	32.3597641
1379	32.34658051
1378	32.32013702
1377	32.35403061
1376	32.34622192
1375	32.29129791
1374	32.28005219
1373	32.26276398
1372	32.21976471
1371	32.23025894
1370	32.22546387
1369	32.17922592
1368	32.18687057
1367	32.15589142
1366	32.14640045
1365	32.14399338
1364	32.12329865
1363	32.12886429
1362	32.10596848
1361	32.08699417
1360	32.1122818
1359	32.07181168
1358	32.08397675
1357	32.05400848
1356	32.02596283
1355	32.03993225
1354	32.03770065
1353	32.01457977
1352	32.03606415
1351	32.00772858
1350	32.03455734
1349	32.00191498
1348	32.01949692
1347	31.99760056
1346	31.98212433
1345	32.00269318
1344	31.97899246
1343	31.98303223
1342	32.00816727
1341	31.94856644
1340	31.94634247
1339	31.9636879
1338	31.96231079
1337	31.95225906
1336	31.93008614
1335	31.93660164
1334	31.9339962
1333	31.90307236
1332	31.92597008
1331	31.91601944
1330	31.89064598
1329	31.90032768
1328	31.90588379
1327	31.87140274
1326	31.87749672
1325	31.89558411
1324	31.89225197
1323	31.84123611
1322	31.86617851
1321	31.8410511
1320	31.87428665
1319	31.86315536
1318	31.84908104
1317	31.82027435
1316	31.82519341
1315	31.81862831
1314	31.84879112
1313	31.84828377
1312	31.81467438
1311	31.81975746
1310	31.79128838
1309	31.82304192
1308	31.81131554
1307	31.82164955
1306	31.82407379
1305	31.77249146
1304	31.76696014
1303	31.78695679
1302	31.79153442
1301	31.78129768
1300	31.76379204
1299	31.76358032
1298	31.77875519
1297	31.74216843
1296	31.75930595
1295	31.76049805
1294	31.73917007
1293	31.75349808
1292	31.74600601
1291	31.74491882
1290	31.75773048
1289	31.73323822
1288	31.74036789
1287	31.71116447
1286	31.73055649
1285	31.72071266
1284	31.72243309
1283	31.71975899
1282	31.74598312
1281	31.71593285
1280	31.72227669
1279	31.72731972
1278	31.70625496
1277	31.73158455
1276	31.7278595
1275	31.72296333
1274	31.70093536
1273	31.71336746
1272	31.69592857
1271	31.73707199
1270	31.69952965
1269	31.71460915
1268	31.7260704
1267	31.71204567
1266	31.72398758
1265	31.70838928
1264	31.69286537
1263	31.71266556
1262	31.73471451
1261	31.71621895
1260	31.71954155
1259	31.70854187
1258	31.70721817
1257	31.71046638
1256	31.69621849
1255	31.73508072
1254	31.73400116
1253	31.71339035
1252	31.73477364
1251	31.71154213
1250	31.74141884
1249	31.74406815
1248	31.74994659
1247	31.75607681
1246	31.74274826
1245	31.75970078
1244	31.74603653
1243	31.76791954
1242	31.75260735
1241	31.75836563
1240	31.75823021
1239	31.76086617
1238	31.75409508
1237	31.77345657
1236	31.75636864
1235	31.78544998
1234	31.80355453
1233	31.75800705
1232	31.78153038
1231	31.78405762
1230	31.77028275
1229	31.78138161
1228	31.79083252
1227	31.77840424
1226	31.77373123
1225	31.80254364
1224	31.80317879
1223	31.82674026
1222	31.81617546
1221	31.80544281
1220	31.82479477
1219	31.81293678
1218	31.83782768
1217	31.84525108
1216	31.85177231
1215	31.88062096
1214	31.87590218
1213	31.864151
1212	31.86912155
1211	31.89440918
1210	31.874403
1209	31.9157486
1208	31.90458679
1207	31.88879776
1206	31.91871071
1205	31.90816689
1204	31.92766953
1203	31.93669891
1202	31.95599937
1201	31.96476936
1200	31.93596077
1199	31.96474075
1198	31.97894669
1197	31.9804306
1196	31.96417999
1195	32.02404785
1194	32.00387955
1193	32.03979492
1192	32.02047348
1191	32.04337692
1190	32.04256058
1189	32.08674622
1188	32.05783844
1187	32.07898331
1186	32.07521439
1185	32.09492111
1184	32.12444687
1183	32.12012863
1182	32.10736084
1181	32.13108444
1180	32.15013885
1179	32.15362549
1178	32.16875076
1177	32.18649292
1176	32.18062592
1175	32.18830109
1174	32.22274017
1173	32.22902298
1172	32.22655106
1171	32.25906372
1170	32.23965836
1169	32.24603271
1168	32.25360489
1167	32.27275848
1166	32.30427551
1165	32.32680511
1164	32.31175232
1163	32.31921005
1162	32.31309509
1161	32.33412933
1160	32.3639679
1159	32.38552856
1158	32.38460541
1157	32.39234543
1156	32.41381454
1155	32.43201828
1154	32.40238953
1153	32.44989395
1152	32.47234344
1151	32.46335602
1150	32.45743942
1149	32.50448227
1148	32.48043823
1147	32.50996017
1146	32.514534
1145	32.54529953
1144	32.52908325
1143	32.56303787
1142	32.56970215
1141	32.57540131
1140	32.60577393
1139	32.61975861
1138	32.57369232
1137	32.64689255
1136	32.63550568
1135	32.65977097
1134	32.66527176
1133	32.68341064
1132	32.68815231
1131	32.70271683
1130	32.70175934
1129	32.74375916
1128	32.7204895
1127	32.75517273
1126	32.76263046
1125	32.7720871
1124	32.76398468
1123	32.80047607
1122	32.78181839
1121	32.79250717
1120	32.81617355
1119	32.84250259
1118	32.84572983
1117	32.83244324
1116	32.87543488
1115	32.85884094
1114	32.87300491
1113	32.88038254
1112	32.90676117
1111	32.90861511
1110	32.90691757
1109	32.91095734
1108	32.91152573
1107	32.92443466
1106	32.9382019
1105	32.92842102
1104	32.96028519
1103	32.96447372
1102	32.95981598
1101	32.95507813
1100	32.98444748
1099	32.97233963
1098	32.97734451
1097	33.03149033
1096	33.01198578
1095	33.00424957
1094	33.01536942
1093	33.01184464
1092	33.04711151
1091	33.05238342
1090	33.01183701
1089	33.02872849
1088	33.04613876
1087	33.0476532
1086	33.04036713
1085	33.05530548
1084	33.05990982
1083	33.05718231
1082	33.06112671
1081	33.0736084
1080	33.04095459
1079	33.0689621
1078	33.02259827
1077	33.06744003
1076	33.06894302
1075	33.06970215
1074	33.05685043
1073	33.07398987
1072	33.07376099
1071	33.06379318
1070	33.04657745
1069	33.07388306
1068	33.06044006
1067	33.02692032
1066	33.04771423
1065	33.04390717
1064	33.02783203
1063	33.01413345
1062	33.02375412
1061	33.00431061
1060	33.02467728
1059	32.95639038
1058	32.98171616
1057	32.93841171
1056	32.98508835
1055	32.93667603
1054	32.93299866
1053	32.98126602
1052	32.93096542
1051	32.90913391
1050	32.93392944
1049	32.91450882
1048	32.85689545
1047	32.889431
1046	32.8658638
1045	32.87080383
1044	32.83595657
1043	32.84057617
1042	32.82022476
1041	32.84339142
1040	32.78627777
1039	32.78170395
1038	32.73849106
1037	32.75978088
1036	32.71905899
1035	32.70051193
1034	32.66138458
1033	32.65254593
1032	32.65520096
1031	32.60950851
1030	32.61595535
1029	32.60970306
1028	32.56283569
1027	32.53174973
1026	32.5412941
1025	32.52586365
1024	32.49573898
1023	32.446064
1022	32.45862579
1021	32.41169739
1020	32.39292145
1019	32.3984375
1018	32.34749603
1017	32.29944611
1016	32.27045059
1015	32.27437973
1014	32.29156876
1013	32.24843597
1012	32.18740463
1011	32.22179794
1010	32.17121124
1009	32.12201691
1008	32.1331749
1007	32.05748749
1006	32.03334808
1005	32.04355621
1004	32.01093292
1003	31.92638397
1002	31.91800499
1001	31.89554596
1000	31.82395172
999	31.88471413
998	31.81955147
997	31.77272034
996	31.76815224
995	31.68891144
994	31.64587975
993	31.62439156
992	31.64116096
991	31.60988998
990	31.56028366
989	31.54417038
988	31.46515846
987	31.45464897
986	31.40127373
985	31.38105774
984	31.37026787
983	31.33648109
982	31.26758385
981	31.22740746
980	31.14488792
979	31.17130661
978	31.08621025
977	31.13853073
976	31.04239655
975	31.01812935
974	31.00053596
973	30.99625015
972	30.86284447
971	30.83417511
970	30.8201828
969	30.79257011
968	30.77066231
967	30.70314217
966	30.7051754
965	30.6312027
964	30.61421585
963	30.54257393
962	30.48136902
961	30.48700905
960	30.47889709
959	30.36244774
958	30.32037544
957	30.31688309
956	30.33636284
955	30.20814323
954	30.30716133
953	30.06199074
952	30.08387756
951	30.09149742
950	30.01851463
949	30.00172043
948	29.87861252
947	29.89329338
946	29.81784439
945	29.81896973
944	29.73438835
943	29.74577522
942	29.6913414
941	29.63642502
940	29.57778549
939	29.45129204
938	29.5330162
937	29.44268036
936	29.49435806
935	29.36449432
934	29.34604836
933	29.30815506
932	29.21489143
931	29.15921783
930	29.20755768
929	29.10407448
928	29.00115204
927	29.01375198
926	28.97216988
925	28.93187141
924	28.78004837
923	28.74238586
922	28.71939278
921	28.73363495
920	28.77741814
919	28.62514877
918	28.5584774
917	28.56552887
916	28.45888519
915	28.40317726
914	28.38907242
913	28.40387535
912	28.34071541
911	28.26930618
910	28.20353508
909	28.01531219
908	28.10209084
907	27.97317505
906	27.87490845
905	27.9484787
904	27.93067169
903	27.71805763
902	27.81473732
901	27.62835693
900	27.69168091
899	27.81605721
898	27.57201576
897	27.58992004
896	27.40974426
895	27.43087387
894	27.23153496
893	27.31495857
892	27.21365738
891	27.15093803
890	27.12427139
889	27.26886559
888	27.05494118
887	26.95613289
886	26.96953964
885	26.87511063
884	26.85424995
883	26.77135086
882	26.71950722
881	26.72973633
880	26.61231995
879	26.63655281
878	26.48501015
877	26.46574402
876	26.44285202
875	26.37527847
874	26.35401154
873	26.28352928
872	26.22612381
871	26.20831108
870	26.13167191
869	26.01287651
868	26.02871704
867	25.96873283
866	25.90089798
865	25.8625412
864	25.80161476
863	25.74521065
862	25.69854355
861	25.69065666
860	25.60927582
859	25.55974197
858	25.47744751
857	25.46283531
856	25.39685059
855	25.33119583
854	25.31454468
853	25.24746704
852	25.17480469
851	25.16194534
850	25.10340118
849	25.02856255
848	24.96232986
847	24.93416023
846	24.87193108
845	24.8105793
844	24.78808403
843	24.71713257
842	24.68566513
841	24.64315987
840	24.5853157
839	24.51032448
838	24.46412659
837	24.41671562
836	24.37046814
835	24.31145477
834	24.2655201
833	24.20298386
832	24.16077614
831	24.10722733
830	24.03658867
829	23.99355316
828	23.96121216
827	23.90830612
826	23.84144211
825	23.77868652
824	23.7188549
823	23.64924431
822	23.62229156
821	23.56745148
820	23.53213882
819	23.44555092
818	23.41400909
817	23.33938026
816	23.31336212
815	23.21864319
814	23.16919327
813	23.12643433
812	23.08725357
811	23.03730202
810	22.98998451
809	22.91352081
808	22.86910248
807	22.89413452
806	22.72797966
805	22.67808342
804	22.66724014
803	22.54357719
802	22.56924438
801	22.5674572
800	22.38036156
799	22.0316658
798	21.95157051
797	21.92575836
796	21.87068176
795	21.75785446
794	21.79444695
793	21.70311737
792	21.59924126
791	21.60158157
790	21.5525589
789	21.49982834
788	21.45538902
787	21.44550514
786	21.40247726
785	21.31367683
784	21.20594406
783	21.22506714
782	21.15477562
781	21.092453
780	21.03559303
779	21.05777168
778	20.96152687
777	20.98336601
776	20.94961166
775	20.95255661
774	20.83212662
773	20.86326981
772	20.75611687
771	20.81339264
770	20.73248482
769	20.72746658
768	20.62216568
767	20.64485168
766	20.64308739
765	20.59597969
764	20.51407814
763	20.5230732
762	20.55253029
761	20.50637817
760	20.48961258
759	20.38748169
758	20.36678696
757	20.39233017
756	20.42490959
755	20.30439949
754	20.3384819
753	20.30438423
752	20.26791763
751	20.21105194
750	20.24937439
749	20.2272892
748	20.1820755
747	20.16151619
746	20.19612885
745	20.17904282
744	20.17134666
743	20.11930656
742	20.14552498
741	20.10338402
740	20.13158035
739	20.06839561
738	20.07034874
737	20.08940125
736	20.04084969
735	20.06992912
734	19.99790382
733	20.01934624
732	20.0210495
731	19.9561882
730	19.94648933
729	19.91956902
728	19.90546227
727	19.86334229
726	19.87029648
725	19.82971954
724	19.82539368
723	19.82858849
722	19.76972961
721	19.79878044
720	19.74358559
719	19.7336216
718	19.73874092
717	19.69678116
716	19.71138191
715	19.68077469
714	19.66881371
713	19.60046387
712	19.59178543
711	19.53380013
710	19.5375061
709	19.51443481
708	19.51007271
707	19.45558548
706	19.39560699
705	19.41942787
704	19.37478828
703	19.36965752
702	19.32485771
701	19.27942657
700	19.24228859
699	19.21516991
698	19.16955948
697	19.1544857
696	19.10264587
695	19.08223534
694	19.05321884
693	19.02513885
692	18.98882294
691	18.9258461
690	18.91610336
689	18.87644958
688	18.85620689
687	18.78135681
686	18.77794266
685	18.69845581
684	18.71378708
683	18.64447594
682	18.61876106
681	18.57464218
680	18.54634666
679	18.47524261
678	18.46735001
677	18.43701935
676	18.36809921
675	18.33562469
674	18.28475189
673	18.24063873
672	18.21409607
671	18.17246628
670	18.12433052
669	18.09023476
668	18.0377636
667	18.00505257
666	17.94944
665	17.89678764
664	17.87957001
663	17.82100296
662	17.80303192
661	17.74149895
660	17.72038651
659	17.66358185
658	17.60029984
657	17.57200623
656	17.54389763
655	17.50636482
654	17.4720993
653	17.41407776
652	17.39439583
651	17.36778831
650	17.31311417
649	17.28004646
648	17.23948288
647	17.18704605
646	17.16460228
645	17.12871361
644	17.10168839
643	17.06728554
642	17.02176476
641	16.98797798
640	16.96208763
639	16.92621231
638	16.90876198
637	16.84799004
636	16.82733917
635	16.79954147
634	16.75369644
633	16.7213192
632	16.71873093
631	16.65383911
630	16.62461662
629	16.60726547
628	16.58099556
627	16.5262928
626	16.49782753
625	16.47387695
624	16.43229866
623	16.38737679
622	16.35643959
621	16.3047905
620	16.2645092
619	16.23820877
618	16.23194122
617	16.17273521
616	16.13764381
615	16.09952164
614	16.06257248
613	16.01701546
612	15.9726944
611	15.92146873
610	15.89526844
609	15.84117985
608	15.79415226
607	15.7474432
606	15.70849991
605	15.67348862
604	15.62926483
603	15.56982422
602	15.53250408
601	15.49082565
600	15.4508543
599	15.39290524
598	15.34140968
597	15.32818222
596	15.26477623
595	15.21322441
594	15.17138767
593	15.13894081
592	15.10293961
591	15.04257584
590	15.03504848
589	14.96414375
588	14.93849945
587	14.87575054
586	14.82151127
585	14.79380608
584	14.75666142
583	14.72120571
582	14.67954254
581	14.63134575
580	14.57481384
579	14.5393343
578	14.52290249
577	14.46752071
576	14.41267586
575	14.38595772
574	14.34994316
573	14.31423855
572	14.2608757
571	14.23748779
570	14.19902706
569	14.15342808
568	14.11455727
567	14.07006264
566	14.0392704
565	13.99935341
564	13.95611572
563	13.93494606
562	13.87286186
561	13.84657764
560	13.81111717
559	13.76446152
558	13.73249722
557	13.68790817
556	13.66408157
555	13.60377216
554	13.57825565
553	13.54991817
552	13.52764225
551	13.48497677
550	13.43620586
549	13.41071606
548	13.37852955
547	13.33150864
546	13.30122948
545	13.26060295
544	13.22869396
543	13.20429325
542	13.14369583
541	13.13118935
540	13.08593559
539	13.06011677
538	13.03449154
537	13.00463486
536	12.97581387
535	12.94355965
534	12.91903114
533	12.89325523
532	12.85687256
531	12.82752132
530	12.78988266
529	12.78225517
528	12.73790455
527	12.73182297
526	12.68699169
525	12.65843678
524	12.63288593
523	12.60251141
522	12.58408546
521	12.56063557
520	12.53332233
519	12.50091171
518	12.4845047
517	12.46325493
516	12.42284298
515	12.39820671
514	12.37173271
513	12.33762836
512	12.31426811
511	12.28612041
510	12.25162411
509	12.24734974
508	12.20585442
507	12.18565273
506	12.15628433
505	12.11781788
504	12.11742783
503	12.07464886
502	12.04370594
501	12.01400661
500	11.98777103
499	11.95275021
498	11.9348917
497	11.88882065
496	11.86638165
495	11.82440567
494	11.81284142
493	11.78492737
492	11.7453537
491	11.71056747
490	11.67826748
489	11.65443802
488	11.64916039
487	11.58500385
486	11.57866383
485	11.53677368
484	11.50594044
483	11.46644211
482	11.44969177
481	11.41544724
480	11.39434624
479	11.35850143
478	11.337327
477	11.31050014
476	11.29464722
475	11.26419258
474	11.23268127
473	11.21327782
472	11.1908102
471	11.16030025
470	11.11941051
469	11.09089279
468	11.09443855
467	11.05045128
466	11.02528381
465	10.99325752
464	10.9881506
463	10.96102333
462	10.932971
461	10.91502857
460	10.91484165
459	10.89067268
458	10.86140442
457	10.83757496
456	10.80096817
455	10.80264187
454	10.78693008
453	10.76549339
452	10.73616409
451	10.71586609
450	10.70020676
449	10.68172646
448	10.66325188
447	10.66079617
446	10.64128399
445	10.60281944
444	10.61768341
443	10.60270405
442	10.57838535
441	10.57873917
440	10.54426098
439	10.53252983
438	10.51071644
437	10.50321484
436	10.51347733
435	10.4877491
434	10.46943569
433	10.45837498
432	10.45410156
431	10.44189072
430	10.43494415
429	10.41658211
428	10.44530392
427	10.42075062
426	10.40908813
425	10.38512707
424	10.40621853
423	10.41517639
422	10.39045048
421	10.38633347
420	10.39161015
419	10.41568375
418	10.36065483
417	10.37897873
416	10.38887215
415	10.3848238
414	10.39183044
413	10.36614227
412	10.34033775
411	10.35880947
410	10.34230614
409	10.33272362
408	10.3176775
407	10.347229
406	10.32229328
405	10.30587673
404	10.30289745
403	10.28970051
402	10.28689766
401	10.31094933
400	10.29138756
